344,6
0,565
344,5
344,4
344,3
344,2
344,1
344,0
343,4
343,3
343,2
343,1
343,0
342,3
342,2
342,1
342,0
341,4
341,3
341,2
341,1
341,0
340,4
340,3
340,2
340,1
340,0
339,3
339,2
339,1
339,0
338,3
338,2
338,1
338,0
337,3
337,2
337,1
337,0
336,3
336,2
336,1
336,0
335,3
335,2
335,1
335,0
334,3
334,2
334,1
334,0
333,4
333,3
333,2
333,1
333,0
332,4
332,3
332,2
332,1
332,0
331,3
331,2
331,1
331,0
0,564
0,563
0,386
0,278
0,273
0,270
10,115
10,173
10,87
10,257
10,143
10,129
10,227
10,249
11,18
11,4
11,13
11,26
11,16
11,30
9,5
8,10
8,16
8,18
8,12
8,6
8,17
326,6
326,5
326,4
326,3
326,2
326,1
326,0
323,4
323,3
323,2
323,1
323,0
320,3
320,2
320,1
320,0
318,3
318,2
318,1
318,0
316,3
316,2
316,1
316,0
315,4
315,3
315,2
315,1
315,0
314,4
314,3
314,2
314,1
314,0
313,3
313,2
313,1
313,0
